464
1455
1493
1505
1649
1663
1666
4538
4570
5127
5265
5377
6652
6926
8195
9502
9515
9568
10104
10111
45242
47914
58183
58199
58209
61748
61816
61856
65035
65788
66051
66361
66425
66438
71214
76105
76217
76288
76438
76450
77688
79484
79636
79679
80438
80675
80731
80939
81093
81281
81860
82145
82303
82594
83027
84093
84161
84976
85054
85981
86296
86472
86676
86824
86827
86833
86927
86951
86955
87293
87797
88368
91088
91222
91264
91301
91985
93090
93226
93478
93539
94137
94189
94558
94563
94643
94652
94883
100961
100994
113666
118586
118902
118969
118997
120229
137423
137701
142568
142960
150000
151203
151743
152367
152397
152416
152490
152921
152974
152986
152991
153952
154189
155675
155798
155865
155888
155915
155927
155930
155963
156601
156945
157350
157434
158143
158239
158289
158565
158622
158700
158778
158818
158907
159627
160085
160296
160306
160432
160449
160523
160527
160532
160546
160559
161523
161566
161603
161613
161802
162030
162190
162221
162480
162528
162717
162821
162839
162845
162849
162881
162885
162893
162909
162942
162950
163696
164106
164495
164715
164802
164859
164972
164991
164999
175474
181435
181484
182628
182631
182649
187715
194945
246551
247206
247530
248095
248115
248232
248780
248795
249055
261464
261841
264915
265854
273970
273986
273996
274007
287789
288810
289294
295009
342981
343276
348599
349093
396526
402125
404299
405596
408962
409038
409826
410542
411263
411269
411419
411470
411520
411548
411934
412781
414059
417323
417344
417471
417476
417574
417795
417803
417864
417872
417905
425726
426172
426992
427241
428288
428834
429847
429989
435696
435744
436629
436639
439276
440525
440873
443508
443764
443784
448364
449633
449672
449933
450028
450337
450670
450911
450914
451931
451944
452007
452249
452936
453065
454095
455460
457326
457477
457516
457527
457602
457825
458568
458753
459427
459675
459957
460455
460520
460619
461628
461977
463069
463122
464288
465037
465051
465594
484617
484626
485458
485845
485887
485982
485989
485995
486013
486055
486072
486081
486127
486151
486572
486949
487009
487126
487148
487249
488315
488936
490010
490288
492080
519849
520412
521645
541491
543364
543492
584317
620229
670482
684844
699192
701079
701176
701181
719203
719210
719713
719768
719801
720262
720542
720811
720832
720835
720916
720949
721031
721065
727608
728478
744403
755210
755819
761040
762385
764492
782139
782161
782208
782371
782403
782412
782415
782439
782463
782469
783273
787771
787978
797851
798044
798184
798482
798635
799114
799216
799275
799292
817828
817884
818855
818858
818866
820148
823293
823972
824406
824611
826921
827320
827605
827630
827635
828026
839278
839787
844200
844526
844529
845556
852299
853086
853385
855273
864537
866173
869131
869364
869662
870438
878145
878806
878938
879074
879079
879612
880064
880645
886717
891848
892009
900325
913239
919704
919715
920834
921330
940326
965415
965421
965646
965672
965678
982198
982317
987787
987860
989535
994069
994097
994103
994682
995150
995171
995689
996636
997606
1002997
1003011
1003082
1003096
1003106
1003112
1003117
1003143
1003149
1003685
1003707
1003897
1004074
1009228
1009801
1010791
1010974
1011069
1011121
1012795
1013035
1013308
1013464
1013521
1013781
1014955
1014958
1014979
1015019
1015910
1016247
1017554
1017646
1020090
1020093
1020133
1020138
1020233
1020666
1020675
1020680
1022310
1022416
1024052
1024564
1026696
1028281
1029679
1030190
1031185
1031751
1031869
1032153
1032196
1032319
1032405
1032606
1034103
1035332
1035485
1042624
1042642
1045016
1046480
1046924
1047060
1048457
1048547
1048682
1050929
1059967
1060749
1060962
1061080
1061308
1072256
1072289
1072346
1080330
1087294
1087728
1089425
1089463
1097854
1098490
1098708
1098904
1099384
1111617
1111647
1116056
1116063
1116582
1116844
1118058
1118651
1118773
1119947
1123533
1132366
1132504
1132507
1141415
1141424
1172185
1172228
1172235
1172762
1172815
1173911
1182408
1182532
1184766
1184770
1195342
1195801
1214121
1216090
1217409
1244971
1255022
1255108
1259423
1261064
1262603
1281578
1308200
1308942
1313079
1314600
1315374
1315547
1315847
1317848
1317871
1317906
1319995
1320010
1320037
1322269
1323039
1324535
1328447
1328524
1329849
1329915
1331553
1337785
1343398
1346056
1346113
1358279
1366589
1419073
1419119
1435988
1435993
1435999
1436002
1436134
1436173
1436184
1436744
1438921
1439444
1458420
1459188
1459221
1459234
1459431
1459843
1460258
1460402
1460582
1460797
1460804
1460848
1472359
1474284
1481683
1485330
1485726
1492081
1494372
1494775
1497377
1498034
1498146
1498281
1498592
1500479
1500499
1500520
1500534
1500609
1500686
1500694
1502135
1503811
1504345
1522950
1524195
1524360
1524392
1524399
1524438
1524445
1524451
1524481
1524873
1524880
1524929
1525671
1526357
1526535
1527209
1528620
1537038
1537148
1538636
1540000
1540009
1540093
1540744
1540752
1540755
1540759
1540766
1540777
1540780
1540792
1540834
1541391
1541644
1541670
1542255
1542363
1563104
1563190
1564306
1564966
1565428
1567617
1568112
1568589
1568667
1575367
1575372
1575404
1575570
1575661
1576269
1577791
1577825
1578658
1612065
1612514
1612591
1613096
1614775
1614998
1615045
1615072
1633333
1633531
1633535
1633586
1633645
1633688
1633699
1633902
1633964
1633979
1634016
1634147
1634345
1634357
1634375
1634468
1634474
1634704
1634711
1634759
1634762
1634776
1634910
1635000
1635009
1635333
1635414
1636339
1636575
1636581
1636627
1636632
1636672
1636679
1636687
1636695
1636702
1636722
1636766
1636770
1636795
1636831
1636933
1636942
1636985
1636989
1637178
1637226
1637384
1637475
1637833
1637860
1637866
1637923
1638287
1638293
1638383
1638889
1638953
1638974
1639035
1639078
1639169
1639258
1639702
1639815
1639930
1640743
1642071
1642156
1642789
1642814
1642831
1642834
1642851
1642860
1642864
1642873
1642901
1643387
1644218
1644822
1647984
1647987
1648712
1658171
1658274
1658722
1659111
1664200
1664223
1664256
1666474
1669062
1670817
1670983
1671061
1671117
1681651
1685234
1685715
1685877
1686223
1686247
1686375
1686702
1686720
1687641
1687916
1688116
1688848
1689124
1689248
1689962
1690019
1691620
1691629
1691640
1691645
1692142
1698464
1699208
1699256
1699695
1727066
1727417
1728779
1729501
1729624
1729916
1730556
1731518
1732125
1732128
1732200
1732258
1748517
1748541
1750413
1752050
1752140
1752171
1752212
1752219
1752244
1752296
1752541
1752547
1752872
1753092
1753184
1766704
1767548
1767670
1768601
1795973
1817133
1819429
1820631
1820637
1827859
1829158
1835772
1881251
1882226
1895133
1895144
1897796
1902051
1902944
1903019
1903052
1903342
1907484
1909009
1909043
1909171
1909507
1910360
1910965
1911095
1911111
1911132
1917703
1918270
1931883
1934017
1950460
1950811
1952781
1953276
1955415
1956524
1957124
1957433
1958417
1958435
1959011
1965135
1966288
1972549
1995004
1997458
1998078
2005753
2010142
2011562
2013087
2013115
2013120
2013145
2013156
2013161
2013173
2013185
2013239
2013591
2022129
2022251
2022426
2022518
2022547
2022790
2025808
2025813
2026069
2026571
2026611
2026658
2028957
2029951
2030121
2030161
2030223
2038155
2038175
2038242
2038281
2038593
2038698
2039933
2039979
2040057
2040114
2040129
2047596
2047619
2047628
2047635
2077716
2077769
2077785
2077791
2082883
2105904
2116536
2116568
2116997
2124453
2124502
2155366
2156154
2156202
2163770
2163872
2163883
2164024
2164044
2164096
2164107
2164166
2164196
2164202
2165353
2165383
2165450
2166429
2166638
2167252
2167283
2167371
2167579
2169261
2183527
2183799
2183837
2183853
2184000
2184315
2239829
2239864
2239878
2239890
2243020
2250782
2252796
2273976
2282130
2282179
2288355
2321053
2345037
2350048
2354781
2355096
2356171
2356448
2356468
2356549
2364608
2364674
2365551
2365608
2373367
2373592
2380556
2381757
2382579
2382687
2382725
2382864
2382971
2391116
2391970
2392166
2392646
2394714
2394771
2405913
2409523
2409648
2409816
2409844
2411901
2411913
2412035
2412381
2413176
2416795
2418823
2433313
2433330
2433353
2433492
2434067
2434283
2437791
2437823
2437844
2438180
2438226
2439423
2439428
2439449
2439499
2439570
2446128
2447045
2447526
2447609
2447621
2447653
2447685
2447702
2447705
2447726
2447738
2447763
2447792
2447796
2447807
2447814
2447819
2447825
2447829
2447834
2447848
2447869
2448776
2449382
2449670
2450164
2454067
2454071
2455921
2456004
2456040
2456495
2456643
2460447
2461030
2461075
2468057
2470628
2476858
2479363
2480652
2481500
2481504
2483675
2483678
2483869
2484579
2484920
2484968
2491913
2492133
2492540
2494570
2495115
2495172
2495265
2495319
2495553
2496221
2496236
2496368
2498265
2499549
2499564
2500421
2500829
2500884
2503637
2504133
2504804
2504860
2506129
2506269
2506936
2507008
2507588
2507676
2507694
2507700
2509922
2514959
2515790
2515857
2515871
2515922
2519544
2519698
2519760
2520234
2520528
2522908
2522951
2522954
2522996
2524796
2524861
2524936
2525010
2525022
2525033
2525036
2525040
2525049
2525059
2525139
2525143
2525150
2525154
2531641
2534912
2536934
2536965
2537499
2550925
2582721
2606408
2606641
2621414
2624918
2624926
2625712
2626155
2629025
2660423
2661195
2661818
2661874
2661881
2661970
2661974
2661984
2662202
2662220
2662237
2662271
2662430
2662548
2662749
2662943
2663416
2666025
2666686
2666844
2669488
2669491
2669560
2671185
2673550
2686116
2687724
2693862
2694249
2694544
2694597
2696665
2696962
2697243
2697561
2698758
2699175
2699768
2701534
2701726
2703888
2704406
2704443
2704468
2704490
2704660
2707120
2707207
2707284
2707315
2707680
2707953
2708097
2708193
2708347
2708444
2708740
2708746
2709409
2710912
2711712
2729333
2733845
2733865
2736721
2737061
2737616
2737711
2737802
2738043
2738079
2738855
2739276
2739303
2739336
2739342
2739643
2740286
2740484
2747220
2747470
2749569
2756349
2760953
2761679
2762015
2762018
2762074
2762820
2763036
2763207
2763748
2763771
2765687
2765875
2766770
2766915
2767246
2768151
2770334
2770610
2770628
2770658
2771438
2771480
2772019
2773554
2792301
2792334
2792343
2793347
2793378
2797657
2798115
2798321
2798356
2798413
2798453
2798743
2799426
2804299
2804424
2804536
2804789
2804866
2804932
2804936
2810790
2810833
2810965
2810983
2811826
2811854
2811859
2812009
2812087
2823885
2823899
2823907
2823943
2830769
2830793
2833462
2838504
2840902
2841959
2842841
2843174
2855916
2857860
2858447
2882069
2882199
2882293
2883815
2884226
2884231
2884333
2884353
2884365
2884385
2884422
2884431
2895842
2895886
2900667
2900773
2900903
2900978
2900989
2929917
2992563
2993492
2993643
2994908
2994923
2995007
2995666
2995705
2995742
2995745
2995755
2995760
2995765
2995813
2996511
2997791
2998505
2999053
2999357
2999682
3001056
3001392
3002924
3005163
3022746
3023786
3023884
3023888
3024029
3024577
3024916
3024921
3025021
3025315
3025992
3025999
3026002
3026961
3027222
3027435
3027577
3027588
3027756
3027870
3028474
3029080
3029132
3029321
3029504
3030048
3030928
3041477
3042511
3042884
3048980
3048985
3070120
3070242
3070341
3070695
3070702
3070706
3070794
3071217
3071795
3071890
3072193
3072247
3072267
3072271
3072291
3092635
3093938
3094987
3096948
3097943
3098182
3098203
3098206
3098486
3098509
3098784
3099392
3099538
3099929
3100056
3100076
3100080
3100088
3100690
3101363
3104202
3104476
3104505
3104510
3104641
3104658
3104722
3107549
3107552
3107581
3108965
3116812
3116980
3118099
3118134
3118305
3118396
3118455
3118484
3119219
3119858
3120845
3121288
3121514
3121802
3124904
3124918
3124922
3124927
3124932
3124942
3125976
3127203
3127558
3127623
3127712
3128178
3128648
3128737
3130720
3130746
3130848
3130858
3130869
3134386
3138400
3139107
3140911
3140920
3145393
3146037
3146151
3146685
3147533
3147673
3150955
3151422
3151469
3152003
3152233
3152243
3152283
3152318
3155050
3155200
3155352
3155530
3155669
3155672
3157276
3160309
3160316
3169994
3170435
3170604
3171180
3171228
3171593
3179832
3180275
3180278
3180722
3196665
3196908
3197040
3197119
3197128
3197143
3197202
3197206
3198060
3198063
3199388
3199555
3199709
3200223
3200269
3200300
3200311
3200317
3201936
3202214
3220953
3221097
3222490
3222571
3224007
3224834
3225014
3225777
3227525
3230205
3230211
3230278
3230375
3230492
3230599
3230615
3230633
3230650
3230653
3230660
3230666
3231946
3232547
3232631
3232671
3232729
3233341
3233381
3233709
3234742
3235130
3235208
3235242
3235427
3235431
3235477
3235609
3235939
3237080
3237222
3237271
3240217
3243469
3250027
3250792
3250795
3250941
3251078
3251133
3252856
3253582
3254290
3255049
3255086
3255340
3255562
3255583
3255628
3255631
3255648
3255859
3256200
3259437
3259670
3259676
3259683
3277580
3280242
3280536
3280543
3280548
3280557
3285121
3285453
3285835
3287286
3287304
3287652
3288263
3288847
3290106
3290116
3290217
3290235
3290629
3291605
3295686
3295980
3296858
3296861
3296916
3296939
3297968
3298081
3299608
3300405
3301446
3301622
3301926
3303479
3303523
3304256
3304358
3304997
3305762
3307044
3307058
3307109
3307545
3308355
3308823
3310173
3318425
3318476
3320177
3320184
3320193
3320267
3327974
3328393
3329688
3331954
3331967
3331978
3331992
3331996
3332003
3333045
3333141
3333156
3333392
3333432
3333458
3333617
3342637
3349405
3350969
3391469
3393970
3410349
3410365
3419530
3430743
3430785
3446318
3447597
3465514
3470826
3470924
3506239
3506625
3509674
3509986
3520793
3526792
3526883
3548539
3549152
3557932
3558210
3558291
3558294
3559703
3560836
3560882
3560909
3560912
3561014
3561032
3561078
3561082
3561095
3561101
3561104
3561120
3561149
3561350
3566950
3570056
3570071
3570331
3570874
3571085
3571504
3636928
3641732
3642770
3658184
3658799
3660815
3670766
3670869
3670914
3682259
3683978
3685319
3692722
3692744
3692767
3694593
3700451
3700575
3703400
3704182
3704296
3704998
3706646
3707635
3707755
3741074
3741160
3741166
3751279
3755090
3755726
3755808
3757898
3761549
3856210
3874874
3945687
3945707
3946321
3946606
3946614
3946626
3946898
3946921
3976239
3979018
3979228
3979285
3985322
3985356
4029611
4033229
4102772
4102888
4112974
4114617
4114705
4114769
4114788
4114836
4166495
4206091
4239588
4265963
4265980
4266080
4276316
4276361
4276400
4323330
4323400
4324413
4324456
4324467
4324473
4324487
4325668
4331369
4331463
4335609
4336778
4344860
4345174
4345393
4345459
4345734
4353629
4354230
4356995
4357002
4357073
4357272
4357362
4357548
4358211
4358265
4358391
4358621
4363322
4368031
4368219
4368222
4368234
4368244
4368260
4368271
4368278
4368281
4368291
4368309
4368341
4368357
4368364
4368385
4368391
4368397
4368400
4368412
4368423
4368436
4369421
4370123
4370616
4370623
4370641
4370649
4370658
4371110
4371227
4371365
4371508
4371528
4371577
4371596
4371614
4372122
4372203
4374805
4386670
4387248
4401808
4408739
4409025
4409732
4409768
4412026
4412242
4412610
4414468
4414570
4415508
4417044
4429317
4429327
4434000
4447169
4447231
4451336
4472036
4472342
4492363
4556705
4567433
4614275
4614569
4617189
4622698
4623203
4624310
4624318
4663286
4663319
4676648
4685688
4686676
4740674
4749930
4752169
4758005
4766507
4767550
4770976
4772109
4774486
4774572
4777021
4777300
4777386
4800163
4817694
4817827
4819208
4829685
4829757
4829796
4829804
4842599
4847982
4923690
4942303
4942721
4944184
4988798
4992291
4993251
4993326
4993355
4993359
5002163
5004793
5012102
5012684
5058326
5058500
5093075
5093204
5093785
5093974
5093977
5094001
5094008
5094079
5094475
5094585
5094754
5094853
5095099
5119626
5131905
5138817
5138828
5141420
5147702
5148325
5148739
5149950
5149964
5150266
5150329
5151124
5154501
5154558
5157544
5166399
5167173
5167244
5167306
5167318
5167331
5167366
5167394
5167475
5167525
5167544
5167547
5168682
5168724
5169457
5173530
5180645
5189212
5189388
5189521
5190289
5190313
5190599
5190735
5190762
5190886
5191650
5191754
5199183
5206297
5223475
5229309
5229341
5229406
5229426
5229433
5229439
5229491
5229496
5229515
5229524
5229572
5229614
5256301
5256305
5256342
5256822
5256825
5256856
5256861
5256940
5257957
5261801
5294068
5294073
5294925
5298635
5306960
5308958
5309339
5318245
5318297
5318625
5320362
5320384
5320389
5330798
5330998
5331243
5331729
5332799
5344231
5355058
5355126
5358341
5364616
5365473
5365760
5366278
5366281
5369960
5369976
5390805
5414378
5414435
5415042
5428727
5442741
5447545
5456148
5456161
5456173
5482644
5483424
5483461
5484312
5491620
5491629
5497217
5497607
5497664
5497667
5497670
5497708
5497717
5497756
5497787
5498918
5499494
5509493
5510395
5510653
5510691
5512031
5512116
5514125
5514780
5525881
5525930
5525959
5526415
5532335
5585124
5585308
5585357
5585390
5585463
5585473
5586115
5586149
5586458
5586491
5586513
5586542
5589804
5600165
5600791
5601251
5601401
5601484
5601494
5601558
5616443
5616634
5616727
5617151
5617323
5631591
5631686
5631725
5642478
5642484
5645860
5669464
5675085
5675153
5676102
5676616
5693114
5697650
5730307
5741377
5757997
5767561
5768567
5768608
5774612
5774840
5774858
5775001
5775380
5775444
5776186
5776310
5779597
5781089
5783468
5783987
5784712
5784726
5784765
5784802
5786194
5786208
5786299
5786366
5786396
5786465
5786509
5786631
5786646
5786651
5786708
5786767
5786807
5786864
5791597
5791765
5791805
5791825
5791853
5792784
5810471
5810540
5811195
5811327
5811514
5812488
5834577
5840796
5846940
5846975
5847275
5847387
5847554
5847566
5847592
5847749
5847768
5847881
5847959
5849234
5859507
5859582
5859591
5859630
5859644
5860425
5861550
5862349
5862368
5862379
5864697
5864946
5883157
5897216
5897303
5897491
5897528
5897531
5931518
5937931
5937977
5948793
5949051
5949326
5949720
5951118
5951634
5951701
5972011
6000959
6007941
6105638
6136083
6141795
6141958
6142363
6144366
6149493
6149885
6177015
6200247
6201699
6201879
6202339
6203234
6204333
6205147
6211435
6213552
6213807
6213819
6223904
6229761
6242276
6248556
6249084
6249312
6249664
6249804
6250284
6250290
6250496
6256809
6257249
6257345
6259370
6259382
6259907
6259957
6260092
6267901
6268068
6268622
6269180
6269339
6269490
6269578
6269602
6269606
6269609
6269612
6269657
6269665
6269735
6271362
6272176
6272367
6272406
6280566
6280648
6282291
6282312
6301134
6301249
6301294
6301380
6301390
6301491
6301528
6301964
6334609
6335431
6335467
6335704
6341608
6341686
6342064
6342181
6342195
6342530
6342688
6342760
6347018
6347268
6347448
6353505
6353602
6354794
6367049
6380675
6382857
6410937
6411538
6411595
6412475
6412605
6421172
6438860
6438872
6441246
6442405
6443804
6444050
6444129
6444261
6444273
6444282
6444291
6444339
6444462
6446292
6446544
6449386
6449992
6450085
6450388
6450446
6450957
6451467
6452385
6476927
6477048
6477280
6477768
6477783
6477839
6478165
6478220
6478484
6478581
6478956
6482899
6486035
6486067
6487590
6491820
6496004
6496254
6496284
6498387
6498396
6498408
6502274
6504682
6505507
6505552
6507843
6572350
6572363
6572963
6573522
6574364
6579943
6579960
6579980
6580325
6595471
6612764
6629469
6635583
6635685
6637492
6638736
6638946
6670120
6671101
6680589
6680650
6707965
6778485
6785858
6787224
6798396
6798949
6802875
6802878
6802885
6802894
6802898
6802919
6803670
6803708
6803749
6803789
6803795
6803978
6804457
6805151
6805483
6805519
6805795
6805817
6806116
6806632
6806740
6806985
6807649
6807699
6822114
6838839
6864760
6864771
6865012
6892589
6950110
6950174
6951118
6951303
6956865
6956989
6962118
6962139
6962808
6963029
6963060
6968640
6968643
6968648
6968728
6968732
6969223
6969290
6969459
6971749
6972961
6973614
6974123
6974467
6974684
6974751
6974961
6974967
6976932
6976960
6977123
6977390
6977405
6986403
6986929
6987325
6987334
6987382
6987732
6987859
6987958
6987965
