44535
48326
48767
48840
48946
48991
49161
49271
49881
49941
50144
50224
50282
50425
50582
50618
50652
51038
51179
51592
51720
51747
51777
52207
52286
52491
52773
53531
53825
54264
54347
54366
54433
54634
54972
55031
55087
55123
55255
55268
55285
55348
55403
55533
56953
56990
57020
57467
57535
57898
74063
101762
101794
101797
101803
101829
101851
101917
102440
102617
102635
102853
104621
104678
104699
105983
106210
106258
106880
107152
107355
107824
107878
107885
107890
107981
108914
108917
108923
108984
109348
109366
109507
109908
110526
111729
125861
130583
131672
131711
131730
131735
131807
131885
131990
132594
132668
132843
134044
150845
150848
168831
190910
212791
218929
219407
229997
230028
230085
236706
245721
251492
251707
252181
252814
252823
253039
253079
258318
258474
262572
267719
267813
268229
268245
269583
269644
270178
270387
270654
270809
271100
272570
278134
280654
280699
282011
282063
282082
282094
282131
282356
282398
282494
282707
283504
283865
316950
344173
344574
345461
346444
347260
347321
347333
347791
347925
356198
366113
367225
398189
401275
415533
415972
432085
432272
432282
432577
432766
447382
472241
472322
472906
474009
474282
475259
475788
476696
477221
477728
477862
478409
478791
478808
479217
479446
479934
480063
480276
480327
481729
482635
495298
498997
505005
511827
525643
527117
527205
530762
530771
530792
530894
530964
531073
531381
531699
533755
533760
536811
536842
536845
581734
581797
582582
611334
611777
611822
612352
612364
612421
613186
613192
613218
613244
613271
613299
613450
613702
617577
617834
618359
618844
627695
627742
627815
628488
628627
662622
662982
662994
673562
683690
683895
712509
721212
721266
721325
721589
722303
722352
723129
724120
725361
725793
726037
726060
726093
726724
756040
756049
757273
757891
759915
760002
771918
773519
773549
773707
773881
774107
774148
774503
774645
775740
776597
779539
779551
779602
779612
779734
779739
779847
780378
780444
780573
789690
789741
790654
792270
792559
843332
849726
849733
849745
863355
875272
875305
875338
875379
875385
875479
875557
875852
909645
910901
911312
911930
912314
916527
916823
917089
919578
926017
926037
926341
926476
927962
928793
930421
930428
930433
930728
932463
932547
933032
933405
943926
944186
945077
945857
949764
950440
950462
950511
950604
950944
971429
992406
1001120
1005944
1005967
1006219
1006259
1006393
1006458
1006725
1006739
1007152
1018732
1027542
1049696
1059513
1059544
1059551
1059868
1096534
1097226
1097231
1097239
1106254
1107949
1108016
1108758
1120195
1120480
1121619
1121702
1121743
1121798
1121977
1122408
1128170
1130520
1189576
1252279
1252406
1252471
1253051
1261381
1261384
1282062
1287056
1291920
1348802
1349097
1349257
1349265
1355600
1355619
1397515
1411762
1412378
1426506
1443703
1445988
1446014
1446036
1446042
1446054
1446084
1446133
1446183
1446354
1446549
1447115
1447241
1449681
1469279
1469331
1495293
1495302
1495500
1495586
1506977
1506985
1507008
1587696
1587832
1587835
1587874
1588542
1588615
1588619
1588625
1602480
1603445
1603673
1603971
1604929
1606022
1606423
1606510
1606606
1606842
1607433
1607893
1607941
1607944
1607950
1608267
1608681
1609573
1617757
1631735
1631741
1655979
1656833
1657053
1683609
1683652
1683656
1706923
1708881
1712106
1719387
1719402
1719405
1719411
1719417
1719683
1719938
1726122
1735010
1735372
1735536
1735650
1735653
1735861
1736169
1736223
1745951
1745983
1745999
1746042
1746056
1746065
1746068
1746083
1746093
1746128
1746367
1746380
1746383
1746419
1746422
1746481
1746758
1746820
1746823
1747062
1747108
1747633
1747666
1747673
1747711
1747747
1747753
1747964
1748058
1748079
1748092
1748102
1756472
1756538
1756590
1756633
1756700
1757624
1757713
1758435
1758811
1758874
1758887
1758917
1758988
1773107
1773134
1773144
1773154
1773174
1774585
1774589
1774597
1774606
1774609
1774672
1775855
1777469
1777787
1802034
1802606
1826503
1827075
1827331
1847937
1870759
1870822
1883690
1885245
1885612
1885622
1886896
1890117
1898819
1899458
1899505
1899509
1899515
1899585
1924799
1938643
1938660
1939815
1948995
1949037
1949121
1970301
1978950
2000459
2000548
2000704
2003487
2007277
2007979
2008093
2008216
2008277
2008491
2008500
2008570
2008637
2008854
2008968
2010654
2012529
2032525
2032613
2035022
2035194
2035607
2035802
2035817
2035823
2081463
2090013
2094023
2096315
2096343
2114537
2120898
2148113
2148181
2152328
2156623
2156650
2156761
2156805
2157415
2159204
2159294
2160282
2161083
2161963
2163009
2200235
2200326
2201822
2214250
2214349
2216060
2216068
2222141
2228605
2273104
2278912
2340398
2340490
2341235
2341709
2342468
2353194
2353316
2353371
2383720
2389796
2390488
2399516
2402020
2415005
2415060
2415094
2430771
2432310
2441899
2442751
2451820
2452331
2457832
2468378
2472413
2472460
2473106
2473147
2473223
2473237
2473402
2473417
2474821
2480361
2482771
2501535
2501712
2501875
2502043
2528383
2592079
2592084
2592117
2592229
2592386
2615744
2617683
2617708
2636968
2637866
2658349
2658353
2676643
2691893
2715845
2795799
2796014
2796485
2799839
2799947
2800182
2800908
2800912
2807808
2809080
2815766
2816868
2816969
2824847
2826677
2827297
2827379
2827483
2827693
2828690
2829903
2846126
2852036
2852524
2852555
2853378
2865902
2866077
2866373
2889335
2889651
2889801
2892552
2895124
2895173
2895311
3015780
3040031
3040263
3040284
3106014
3143237
3143366
3143847
3143978
3144275
3144445
3144573
3148969
3162526
3162563
3173965
3175082
3175574
3176869
3177597
3177602
3178023
3178458
3178700
3179634
3185676
3185718
3187240
3194787
3196092
3215959
3216762
3258023
3261878
3261976
3263780
3266522
3267096
3275914
3276153
3276811
3294717
3315291
3315304
3315570
3317996
3328691
3328726
3335969
3336059
3362454
3362573
3365507
3381066
3408467
3433696
3433732
3489868
3522743
3525456
3536490
3536594
3544001
3544088
3554489
3556644
3575663
3576941
3577055
3577184
3577263
3596187
3604647
3663243
3663282
3663296
3664318
3664388
3665437
3666966
3669823
3679726
3681566
3681596
3681662
3686719
3688087
3690365
3710371
3711671
3712425
3712470
3712529
3713342
3713486
3713781
3714366
3714455
3715611
3715629
3715635
3715726
3715775
3717575
3718170
3718278
3718290
3718325
3718650
3719500
3725056
3727773
3727791
3727798
3727804
3727822
3727842
3728344
3728353
3731654
3731852
3732095
3732819
3733099
3748612
3753252
3766728
3766798
3792299
3792317
3800622
3801642
3803607
3804438
3805118
3805141
3805600
3805635
3805716
3806530
3807209
3808252
3810276
3810473
3810523
3810636
3810685
3810746
3811130
3811133
3812175
3812666
3813144
3813734
3814026
3815259
3815309
3816769
3816777
3818550
3819621
3820301
3823400
3829042
3831349
3832075
3832480
3833020
3834359
3836816
3837144
3837234
3837254
3837985
3839346
3840157
3841491
3841825
3844083
3844086
3844144
3844186
3845375
3845448
3845998
3846387
3846600
3846759
3846891
3847600
3848098
3848132
3848135
3848369
3853459
3853462
3853467
3853548
3853555
3854996
3861737
3861745
3868888
3872471
3872477
3872486
3877916
3878585
3878660
3879254
3885783
3885873
3887187
3903647
3904517
3909208
3909222
3909589
3909754
3909825
3929979
3930470
3930490
3930550
3930627
3930631
3931317
3931369
3932246
3932337
3933126
3934288
3935647
3936640
3936741
3949777
3950664
3954331
3956409
3956537
3957160
3958118
3960471
3961650
3961820
3961836
3962761
3962887
3963112
3967637
3968245
3969931
3972804
3972809
3975450
3976082
3977667
3977689
4153155
4158908
4161102
4162452
4162464
4187600
4188662
4194418
4197134
4197196
4201508
4232867
4246820
4252574
4252585
4252697
4252852
4252980
4258546
4262148
4262154
4263039
4263116
4263457
4263636
4265279
4266585
4269179
4269206
4269234
4271003
4272418
4277497
4277509
4278221
4300228
4300807
4300812
4302113
4302140
4302148
4302153
4302247
4302290
4302731
4304872
4304918
4304935
4304938
4305681
4305998
4306124
4306148
4306777
4307269
4307280
4307646
4308735
4309446
4312190
4312258
4312283
4312422
4313188
4313191
4313203
4314585
4315279
4316644
4316781
4316956
4317217
4318460
4318868
4319200
4319227
4319230
4319240
4319320
4319369
4319580
4319732
4320198
4320262
4321703
4328651
4335236
4335246
4335308
4335524
4339738
4339744
4340055
4340173
4343060
4349852
4350089
4350227
4350239
4350282
4350767
4354782
4354797
4356656
4360170
4360251
4360257
4360323
4360917
4361918
4378013
4378272
4379149
4380841
4381135
4381178
4381350
4382048
4382384
4382688
4382997
4383789
4384163
4384198
4387780
4387832
4389016
4389105
4389215
4389686
4390074
4393003
4393010
4393015
4395334
4395732
4397233
4397786
4397795
4406876
4406883
4406946
4424046
4424060
4424128
4425013
4425621
4436075
4448097
4456045
4516544
4546190
4546235
4553324
4561243
4561263
4563075
4563093
4563515
4563837
4570626
4571813
4575153
4575514
4575532
4575536
4576011
4576597
4577963
4577977
4582242
4582264
4582499
4612027
4618573
4618688
4619302
4621523
4624891
4647091
4647095
4649701
4650663
4650977
4652536
4652557
4652594
4652645
4652650
4652848
4652974
4655974
4660540
4663733
4670908
4671714
4672091
4672106
4673976
4688243
4688269
4688291
4688304
4689364
4701174
4701178
4701485
4701829
4702021
4702192
4702274
4707128
4707585
4707630
4707635
4707639
4707645
4707768
4707772
4707823
4709478
4709550
4709556
4709679
4709707
4709745
4709992
4710028
4710055
4710076
4710417
4710464
4711108
4711162
4711748
4711756
4711794
4711857
4711882
4711987
4712210
4712227
4712428
4712464
4712636
4713001
4713093
4714452
4714469
4714795
4715408
4715708
4716891
4717673
4719317
4721706
4731075
4731899
4732046
4732110
4732148
4732193
4732416
4732488
4732601
4732607
4732745
4732985
4734338
4734451
4735034
4743387
4743860
4743980
4744131
4745234
4760276
4760474
4761824
4763598
4764251
4764263
4764274
4764283
4764287
4764371
4778495
4782981
4784301
4784903
4784921
4785795
4788012
4788974
4788984
4788987
4789020
4789029
4793344
4793383
4805133
4805138
4805156
4805162
4805165
4805219
4805243
4805311
4806307
4806472
4806629
4807528
4807880
4811252
4815566
4817063
4833904
4843935
4845203
4845216
4846817
4846977
4847158
4847231
4847234
4855193
4855295
4855609
4857745
4857849
4858796
4860979
4861024
4861474
4861498
4861528
4861542
4861551
4861560
4861564
4861577
4861594
4861603
4861608
4861612
4861631
4861830
4861867
4861921
4861971
4862299
4862311
4862314
4862322
4862342
4862350
4862355
4862375
4862381
4862435
4862445
4872084
4872829
4873031
4873080
4873091
4873097
4873106
4873118
4892492
4892500
4892523
4892580
4952028
4995119
4995394
4996921
4997578
4997582
4997610
4998799
4998868
4998880
4998886
4998941
5000319
5000627
5000683
5006523
5006962
5006986
5006992
5007457
5007766
5007785
5007804
5007809
5008038
5009234
5014117
5014247
5015104
5016553
5017560
5023544
5024634
5027733
5031096
5034334
5036588
5036691
5036702
5036709
5036715
5036744
5036811
5038887
5038902
5038905
5039866
5043169
5045857
5049815
5050058
5050106
5050475
5050541
5050933
5050954
5050989
5051031
5052359
5053471
5053488
5053760
5053802
5053805
5053955
5054171
5055123
5056030
5056222
5056638
5062145
5064786
5071690
5071698
5072488
5073273
5073714
5100166
5100899
5101312
5101340
5101991
5102127
5102133
5102457
5103311
5104102
5104265
5112870
5113945
5114495
5114507
5117787
5117819
5135711
5136218
5136711
5136844
5136930
5137777
5138160
5138252
5156179
5156194
5156203
5156211
5156218
5156230
5156255
5159808
5160134
5160163
5160175
5161092
5161224
5161530
5162070
5162210
5162279
5162602
5164003
5170420
5170423
5170477
5171065
5171249
5171842
5171849
5171918
5172554
5172619
5180642
5180982
5181237
5181328
5181393
5181545
5181644
5181650
5181704
5183194
5183537
5183548
5184504
5184702
5184782
5185132
5214156
5219732
5220352
5221488
5226373
5227845
5228016
5230417
5231541
5231813
5232824
5232960
5232969
5235147
5236076
5283640
5283645
5283656
5291132
5291158
5291340
5296192
5296203
5298094
5303819
5304090
5305402
5316596
5329410
5329427
5329539
5338760
5339209
5341897
5342121
5353296
5353378
5356500
5359093
5360707
5360728
5360775
5361870
5361959
5361965
5361980
5362462
5367235
5368084
5372206
5382346
5382856
5390967
5399172
5399283
5399806
5419533
5422725
5458485
5492698
5494216
5494272
5494377
5494446
5494590
5495884
5495914
5495926
5495930
5504490
5504569
5504583
5505134
5505900
5505913
5505966
5506224
5506834
5506888
5507884
5508068
5508090
5508212
5508236
5517668
5517811
5517886
5519113
5519119
5520238
5522402
5522412
5522416
5522421
5522451
5523202
5523537
5531002
5550086
5550095
5550783
5550957
5553608
5554355
5565932
5566595
5566800
5567059
5567837
5567871
5567917
5567945
5567963
5569476
5569711
5569724
5570537
5570561
5590972
5591078
5598778
5598814
5603035
5603718
5604338
5604706
5605547
5605983
5606413
5606428
5606448
5606454
5606460
5606465
5606469
5606473
5607407
5607424
5614817
5614832
5616045
5616068
5623107
5623714
5623725
5624032
5624677
5624722
5625149
5627343
5627773
5629229
5629874
5632809
5632819
5643442
5643567
5643797
5662117
5662167
5662176
5663431
5663481
5663543
5672527
5697920
5698367
5698376
5720674
5720717
5720728
5722092
5722872
5723201
5725083
5725771
5725809
5726431
5738965
5739164
5739175
5739886
5751461
5763311
5764903
5769720
5769875
5771280
5772255
5777526
5778951
5782955
5794156
5794491
5794881
5795533
5799722
5817495
5830630
5834210
5843297
5843302
5843847
5843963
5844434
5851837
5854571
5855920
5856064
5856182
5856950
5857202
5857309
5857567
5862596
5865676
5888430
5889777
5890167
5890272
5891187
5891322
5891795
5891843
5901398
5905617
5906016
5907002
5907522
5907536
5907548
5907590
5912287
5913435
5918969
5919021
5919028
5919166
5939052
5939202
5947418
5953286
5953827
5953877
5953900
5953904
5954007
5954089
5954167
5954190
5954279
5954384
5954857
5954913
5955279
5955364
5956095
5957350
5957356
5957392
5957399
5957557
5959351
5959541
5959589
5959761
5959955
5960251
5961018
5961653
5961773
5996689
5997131
5997980
5998472
5998505
5999145
5999956
6034654
6054728
6054826
6055259
6055332
6055788
6055833
6059133
6064564
6065623
6072286
6073529
6084207
6084213
6084301
6085130
6085210
6086117
6086144
6091595
6092542
6092589
6092775
6093521
6093567
6093629
6093648
6093664
6095140
6127166
6132210
6132246
6132261
6132567
6137711
6137930
6137996
6138462
6139078
6139169
6139558
6141518
6141525
6145223
6146752
6146867
6147224
6147421
6147453
6147912
6151578
6153364
6153665
6153690
6153754
6153757
6153775
6153793
6153814
6153824
6153912
6154189
6155170
6155178
6155209
6155212
6155215
6155403
6156157
6156176
6156881
6156922
6159940
6160932
6160952
6160958
6160962
6161065
6161839
6161885
6162096
6164811
6166432
6166556
6166561
6166565
6166571
6166595
6166629
6167580
6167983
6168220
6168810
6174619
6174679
6174743
6176330
6191301
6191311
6191360
6191368
6191377
6191381
6191390
6191470
6191525
6191783
6192922
6199893
6209434
6209913
6212181
6219139
6219196
6221058
6221513
6226696
6226876
6226908
6226957
6227079
6227472
6227572
6227654
6227777
6228095
6228112
6228154
6228158
6228166
6228254
6228288
6228453
6229340
6229723
6230306
6230326
6241182
6241188
6241210
6250591
6258368
6258999
6302294
6302453
6302671
6304353
6304412
6304733
6305084
6305814
6306018
6306087
6306099
6306102
6306111
6306120
6306129
6306153
6306195
6306204
6306266
6306307
6306327
6306336
6306354
6306363
6306402
6306643
6306681
6306851
6306879
6306957
6307036
6307057
6307137
6307189
6307215
6307220
6307240
6307259
6307320
6307366
6307374
6307397
6307415
6307488
6307524
6307527
6307539
6307555
6307565
6307583
6307594
6307619
6307630
6307637
6307645
6307650
6307676
6307682
6307685
6307688
6307709
6307724
6307733
6307742
6307745
6307748
6307752
6307774
6307785
6307794
6307799
6307810
6307818
6307823
6307832
6307855
6307858
6307880
6307928
6307934
6307937
6307940
6307946
6307955
6307964
6307982
6308008
6308013
6308053
6308091
6308108
6308115
6308176
6308222
6308233
6308309
6308325
6308386
6308394
6308397
6308426
6308438
6308447
6308457
6308465
6308476
6308486
6308498
6308510
6308521
6308546
6308555
6308588
6308600
6308612
6308618
6308639
6308648
6308654
6308668
6308684
6308687
6308690
6308708
6308711
6308714
6308743
6308751
6312519
6314409
6314433
6316326
6316370
6317146
6318216
6320900
6321596
6321653
6321884
6322072
6340882
6344302
6345287
6345310
6345329
6345351
6349768
6349771
6349987
6349998
6350044
6350292
6350509
6350943
6351011
6351927
6351994
6352826
6352862
6352880
6380089
6393823
6410477
6417858
6419347
6419956
6420186
6420610
6434351
6436121
6436661
6456837
6456947
6457229
6457235
6457772
6458300
6458317
6458339
6458420
6459630
6460754
6460798
6460864
6462324
6462346
6462508
6462576
6463300
6463682
6463957
6464862
6464885
6465239
6465502
6465610
6465640
6467683
6468128
6468199
6468212
6468215
6468218
6468264
6468292
6468373
6468830
6469494
6471811
6472400
6472459
6472465
6472471
6472475
6472509
6472513
6472560
6472583
6472669
6472675
6472736
6473280
6474177
6474228
6475100
6475142
6475235
6475244
6475334
6479214
6480044
6480709
6481319
6484373
6484498
6484523
6485151
6485238
6494390
6498977
6499023
6500544
6500560
6506780
6506999
6516558
6518058
6519703
6519916
6520670
6521183
6521498
6521801
6522097
6523833
6523898
6524388
6525005
6525183
6525903
6526024
6526776
6526830
6529303
6532845
6535916
6544683
6544721
6545133
6545189
6545210
6545262
6545774
6545780
6545866
6546502
6546506
6546648
6548773
6576785
6577187
6577265
6577538
6577580
6578665
6578709
6578720
6578734
6578804
6578840
6578876
6579281
6579332
6579503
6583225
6585542
6585617
6585959
6598888
6598954
6600062
6600443
6611562
6616522
6616565
6620465
6625609
6625870
6643164
6645147
6645294
6645367
6645392
6645405
6645492
6650012
6650018
6651836
6651863
6651896
6651995
6652131
6652840
6652929
6656934
6687091
6687105
6687125
6687600
6687965
6688000
6688031
6688530
6688533
6688654
6689281
6690397
6690419
6690580
6694897
6710684
6724141
6741898
6741937
6749341
6749426
6749431
6749594
6770601
6772042
6772189
6772228
6772566
6772766
6772919
6772979
6773430
6773488
6773885
6773892
6787709
6787719
6791450
6793952
6794068
6795368
6795675
6796615
6796628
6796666
6801231
6801404
6801539
6801579
6801870
6801985
6802481
6802501
6827532
6835301
6835331
6835363
6835383
6849961
6851112
6851144
6851162
6851225
6851347
6851710
6872011
6872254
6872306
6872316
6925309
6930051
6930055
6930064
6930090
6934165
6938014
6938931
6940457
6940492
6940531
6940558
6940561
6940564
6940732
6940840
6941757
6945549
6946611
6946632
6946641
6946725
6946926
6946943
6946992
6947010
6947457
6947511
6948411
6959828
6959864
6959874
6959972
6960116
6960855
6967384
6967591
6968215
6981265
6981773
6981828
6981840
6982774
6982838
6982901
6982922
6982967
6983291
6984048
6984090
6984100
6984111
6984200
6984213
6984266
6984279
6984285
6984376
6984403
6984441
6984457
6986176
6986190
